2.02798 0
2.85523 0
3.06729 0
3.43434 0
3.68196 0
6.72722 1
8.81592 0
10.3497 1
11.4485 0
11.6569 1
14.287 0
19.5106 0
25.6152 0
27.1446 0
27.6967 0
29.0336 1
29.6041 2
30.3892 3
30.7712 4
31.7178 5
32.503 4
35.5372 5
37.4427 6
38.1268 7
38.7075 6
39.263 5
39.7849 6
39.9056 7
41.36 8
41.6839 7
43.0505 6
43.7208 7
43.8277 6
44.8117 7
44.9063 6
46.3669 7
47.2522 8
49.0814 7
50.9311 6
51.0452 5
52.0611 6
52.5482 5
53.7273 6
54.1554 5
54.3899 6
55.186 5
55.8285 4
56.4671 5
56.6749 4
56.934 3
57.2325 4
57.5919 5
59.3374 4
59.4748 5
59.8592 6
60.0669 7
60.3247 8
60.851 7
61.0511 8
61.8777 9
62.2889 8
62.7454 7
64.8961 8
66.5832 7
67.5946 6
68.4892 7
69.6417 8
69.9794 9
70.0002 10
70.9271 11
71.8351 12
71.8994 13
72.3017 12
72.5704 13
73.0773 14
73.9269 15
74.2844 14
75.2875 15
75.4188 16
76.5911 15
77.0537 16
77.4145 17
78.8811 18
78.998 19
79.7611 18
83.3454 19
84.4534 20
84.7789 19
85.9175 20
87.4101 21
89.0124 22
90.0106 21
90.1129 20
91.6875 21
92.5457 20
92.9857 21
93.0626 20
94.5883 19
95.8628 20
98.2592 21
98.4796 22
99.1327 21
100.776 22
100.807 23
102.565 24
102.678 23
102.851 24
103.594 23
108.345 24
109.498 23
111.088 22
112.131 23
112.141 22
112.867 23
113.411 22
113.782 21
116.028 20
118.952 21
118.995 22
119.544 23
122.029 22
122.092 19
122.321 18
122.371 17
122.414 18
122.936 17
123.564 18
124.18 19
124.407 18
125.633 19
126.33 18
126.426 19
126.9 18
127.094 19
128.154 18
128.315 19
128.589 20
129.547 19
130.242 18
130.855 19
130.858 20
131.76 19
131.956 20
131.989 19
133.777 18
134.33 19
134.497 18
135.294 17
136.119 18
136.238 19
136.559 18
136.594 17
136.653 18
136.989 17
137.382 18
137.716 19
138.002 18
141.341 17
141.818 16
142.403 17
143.705 16
144.058 17
145.174 16
145.612 15
145.955 16
145.972 15
146.236 16
149.673 17
150.713 16
152.156 15
152.254 14
153.738 13
153.811 12
153.934 11
156.237 12
157.194 11
157.397 10
157.961 9
158.023 8
158.063 7
158.137 8
158.385 9
159.348 10
159.814 9
160.4 10
160.758 9
161.555 10
161.723 9
163.454 8
163.578 9
163.78 10
164.468 9
164.872 8
166.246 7
167.794 6
167.798 7
167.942 8
168.711 7
168.894 8
169.074 7
169.907 6
170.065 5
170.375 4
172.008 3
172.009 4
173.062 3
173.305 4
173.518 5
174.361 6
174.882 5
175.869 4
175.953 3
176.179 2
178.094 1
179.111 0
179.543 0
181.263 0
182.816 0
183.31 0
183.722 0
184.251 0
184.795 0
185.341 0
185.524 0
185.865 0
186.026 0
186.805 0
187.563 0
187.843 0
188.153 0
189.128 0
189.396 0
190.956 0
191.551 0
192.962 0
193.846 0
193.89 0
194.17 1
194.714 0
195.885 1
195.906 2
197.003 1
197.755 2
198.49 3
198.653 2
199.258 1
199.395 0
199.867 0
200.425 0
200.796 0
200.943 0
201.53 0
202.145 0
203.307 0
203.417 0
204.613 0
205.23 0
205.646 0
206.008 0
206.302 0
210.501 0
212.792 1
213.358 0
216.363 1
216.778 2
216.788 1
217.934 2
218.272 1
220.869 0
220.976 0
221.346 0
221.847 0
223.68 0
224.624 0
225.733 0
225.989 0
227.47 0
229.437 0
229.486 0
231.444 0
231.858 0
233.749 1
233.779 0
234.362 1
234.758 2
234.801 1
235.122 0
235.903 0
236.29 0
237.279 0
238.21 0
239.47 0
239.887 0
244.116 0
247.669 0
248.552 0
249.857 0
251.353 0
252.853 0
252.892 0
253.003 0
254.844 0
254.902 0
255.145 0
255.546 0
255.649 0
256.307 0
256.371 0
256.898 0
257.673 0
258.321 0
261.401 0
261.832 0
261.996 0
263.439 0
265.958 0
267.668 0
268.474 0
269.754 0
270.186 0
270.814 0
271.363 0
271.385 0
272.909 0
273.024 0
273.762 0
274.142 0
275.695 0
276.758 0
276.805 0
278.033 0
278.465 0
278.885 0
283.029 0
284.131 0
284.65 0
284.909 0
285.68 0
286.041 0
287.859 0
288.133 0
288.187 0
288.246 0
291.368 0
291.857 0
292.053 0
292.104 0
294.07 0
295.09 0
296.97 0
297.775 0
297.824 0
300.587 0
305.825 0
306.186 0
306.268 0
306.808 1
308.64 0
309.359 0
309.362 0
309.858 0
310.311 0
311.666 0
313.237 0
314.244 1
314.671 0
315.702 0
316.329 0
316.436 0
318.206 0
319.112 0
319.522 0
319.739 0
320.076 0
322.088 0
323.032 0
323.199 1
323.396 0
323.568 0
326.216 0
328.784 0
332.635 0
332.889 0
333.707 0
335.116 1
335.94 2
336.345 1
337.182 2
339.554 3
339.822 2
341.223 3
341.507 2
341.532 1
341.794 2
341.824 3
342.056 2
342.106 1
343.134 0
343.442 1
343.48 2
345.072 3
346.98 4
348.006 3
348.195 4
349.162 5
349.267 4
351.809 5
351.847 4
352.574 3
353.055 2
353.276 3
353.366 2
353.815 3
354.443 2
357.461 1
359.566 2
359.576 3
360.252 2
361.244 1
361.596 2
361.773 3
362.441 2
362.469 1
365.195 0
366.874 1
367.269 0
368.419 0
369.922 0
371.672 0
372.41 0
374.488 0
377.505 0
377.925 0
379.254 0
379.378 0
379.644 0
379.796 0
380.904 0
381.112 1
381.235 2
382.708 3
384.338 2
384.552 3
385.784 2
385.833 3
387.743 2
387.793 1
388.274 2
388.58 1
390.621 2
391.541 3
391.662 4
391.82 5
392.354 6
393.917 5
393.925 4
394.979 5
395.059 6
395.3 5
395.57 4
395.673 3
395.804 2
396.237 1
396.622 0
396.873 0
397.702 0
398.3 1
399.054 2
399.9 1
400.235 2
401.118 3
402.096 4
405.612 3
405.791 2
407.463 1
407.548 0
407.814 0
408.208 0
408.973 0
413.079 0
413.323 0
413.353 0
413.559 1
414.074 2
414.919 1
415.056 2
417.281 1
417.815 2
419.74 1
419.987 0
420.104 0
420.737 0
421.394 0
421.565 0
421.567 0
422.576 0
424.28 0
424.682 0
424.895 0
426.835 0
427.004 1
427.041 0
428.052 1
428.211 2
428.44 1
428.537 0
428.741 1
430.634 2
431.161 3
431.239 4
431.562 5
431.737 4
432.512 3
432.684 2
433.055 3
433.332 2
434.723 1
435.979 2
437.623 3
438.017 4
438.205 5
438.964 4
441.432 5
441.498 4
441.776 5
443.661 4
443.72 3
443.952 2
444.066 3
445.145 2
445.149 1
445.96 2
446.165 3
446.234 4
446.277 3
446.352 2
447.744 3
448.32 4
448.622 5
450.16 4
450.407 5
450.413 6
450.508 5
450.61 6
450.732 5
450.975 6
451.001 7
451.314 6
453.218 7
454.066 8
454.396 7
456.103 8
456.855 9
458.017 10
460.061 9
460.168 10
460.196 11
460.352 10
460.952 11
461.863 10
462.477 11
462.631 12
463.337 13
465.177 12
465.647 13
465.994 12
467.691 13
467.942 12
468.055 13
468.62 12
469.776 11
470.983 10
471.578 9
472.437 10
472.441 9
472.977 10
474.282 9
475.61 10
476.094 9
476.708 8
476.87 7
478.922 8
480.59 7
