0.0424987 0
1.80562 0
2.60478 0
3.41904 0
4.45736 0
4.829 0
5.33201 0
5.34066 1
6.56745 2
6.72198 1
8.36026 2
9.7181 1
9.93558 0
13.0923 1
13.3383 0
13.5545 1
14.1921 2
14.4537 3
14.771 4
14.8496 5
15.4696 4
16.3854 5
16.7517 4
18.7148 5
19.3196 6
22.4873 7
23.959 6
24.6483 7
25.1634 8
26.2108 9
29.8624 8
30.3004 9
30.5061 8
31.7117 9
33.3095 8
33.9055 9
34.011 8
35.6665 7
36.3881 6
36.5892 7
37.5745 8
38.0736 9
38.4533 8
39.2404 7
39.5055 6
42.345 5
42.9639 4
46.3736 5
47.3448 6
47.4729 5
47.7768 6
51.0236 7
52.0805 8
52.6813 7
53.1355 8
55.301 9
57.7731 10
61.664 11
62.6355 10
62.7686 9
63.3513 10
63.5049 9
63.513 10
63.9709 11
64.2612 12
65.7947 13
67.3814 14
69.3891 13
70.8947 14
71.7482 15
72.0294 14
73.9687 13
75.2533 12
78.6892 11
79.5223 10
81.8535 11
83.0387 12
83.7697 11
84.2336 10
85.601 9
86.2141 8
88.0995 9
90.5442 10
91.1094 9
95.6051 8
96.8591 9
98.0197 10
98.7247 11
99.2408 12
99.6221 13
101.668 14
101.867 15
101.929 14
101.951 13
104.252 12
105.98 13
106.209 14
107.048 15
107.211 14
110.164 15
112.327 14
112.516 13
114.896 14
115.22 13
117.29 14
118.87 15
119.793 14
119.973 13
120.035 12
120.746 9
120.782 8
121.275 7
122.122 6
122.607 7
122.826 6
122.975 7
123.529 6
123.657 7
124.298 6
125.421 7
125.791 8
126.444 9
127.592 10
127.768 9
128.704 10
128.762 9
128.858 8
129.148 9
129.3 8
130.685 7
131.717 6
132.663 5
133.488 4
133.568 5
134.538 6
136.269 5
136.285 6
137.734 7
139.141 6
140.061 7
140.371 8
140.64 7
140.66 6
140.811 5
142.842 4
142.957 3
143.14 4
144.98 3
145.019 2
146.355 1
147.578 0
147.626 1
147.876 2
147.961 1
148.369 0
149.085 0
150.701 0
150.776 1
151.188 2
152.227 1
152.44 0
153.078 0
154.642 0
155.813 0
155.994 0
157.432 0
157.89 0
158.613 0
159.194 0
159.291 0
159.498 0
161.056 0
162.073 0
162.653 0
164.02 0
165.095 0
165.915 0
166.423 1
167.023 0
168.121 0
168.628 0
169.089 1
169.191 0
170.59 0
171.675 0
173.667 0
173.779 0
173.871 1
174.844 2
177.232 1
177.638 0
177.701 1
177.932 2
178.526 1
179.167 2
179.344 3
179.397 4
179.477 5
179.7 4
180.297 5
180.47 6
180.773 7
180.941 6
181.186 5
181.42 6
181.473 5
181.522 6
182.033 5
182.099 6
184.141 5
186.011 4
186.989 5
187.779 6
188.526 7
188.747 6
189.573 5
189.579 6
191.024 7
191.086 6
191.25 7
191.371 8
191.885 9
191.919 10
192.431 9
192.6 8
192.87 7
193.182 6
193.734 5
194.471 4
195.159 3
195.363 2
195.681 3
197.507 4
198.13 5
198.245 6
198.486 5
199.445 4
200.781 3
200.995 4
201.589 3
201.928 2
202.598 3
203.004 4
203.563 3
203.715 2
205.129 3
205.766 4
205.995 5
206.293 4
207.525 3
207.56 2
207.929 3
208.258 4
208.876 3
209 4
209.932 3
210.591 4
211.176 3
211.732 2
211.95 3
212.29 4
212.346 5
213.679 4
215.351 5
215.741 4
216.875 3
217.628 2
217.909 1
218.366 2
220.532 1
220.537 2
220.919 1
223.131 0
224.38 0
225.471 0
227.391 0
228.007 0
228.169 0
229.92 0
231.571 0
232.457 0
232.475 0
233.614 0
233.746 0
234.377 0
235.05 0
235.246 0
235.919 0
236.032 0
236.685 0
237.879 0
238.161 0
238.436 0
240.129 0
240.578 0
240.936 0
242.205 0
243.177 0
243.651 0
243.657 0
244.424 0
246.445 0
246.924 0
247.013 0
247.813 0
249.345 1
250.89 0
253.218 0
253.838 0
253.942 1
254.024 2
254.349 1
255.809 0
256.929 0
260.429 0
262.977 0
263.723 0
266.519 0
267.065 0
268.379 1
268.45 2
268.545 1
268.662 0
268.72 0
269.266 0
269.325 0
269.326 0
269.384 0
269.887 0
270.012 0
270.044 0
270.617 0
272.812 0
272.913 0
273.539 0
273.657 0
273.809 0
273.897 0
274.911 0
275.469 0
276.35 0
276.55 0
277.322 0
278.906 0
280.591 0
281.348 0
281.658 0
281.948 0
282.001 0
282.881 1
283.852 0
285.094 1
285.659 0
285.665 0
286.988 0
287.129 0
289.085 0
289.72 0
291.022 0
291.411 0
292.976 0
294.243 0
295.101 0
295.272 0
295.797 0
296.09 0
296.723 0
298.709 0
298.966 0
299.873 0
301.409 0
301.445 0
302.285 0
303.312 0
305.528 0
308.665 0
308.909 0
309.494 0
310.935 1
311.238 2
311.457 3
311.709 2
311.781 1
312.214 0
313.407 1
313.899 2
315.224 3
315.593 2
316.087 3
317.241 4
319.659 3
319.732 4
320.555 5
321.865 6
321.993 5
325.435 6
325.443 7
326.946 6
327.208 7
327.71 6
328 5
329.213 6
329.754 5
332.814 4
333.795 3
334.669 2
334.888 1
334.923 2
334.924 3
335.346 4
336.391 5
337.221 6
337.531 7
337.755 8
338.024 7
338.442 8
338.644 9
338.776 8
340.604 7
341.949 8
342.478 7
342.491 8
342.774 7
342.809 6
343.44 5
343.628 6
344.071 7
344.379 6
344.406 7
345.075 8
345.999 7
347.152 8
347.229 7
348.226 8
348.467 7
349.139 6
352.097 7
353.615 8
353.748 7
354.231 8
355.367 9
359.405 8
360.235 9
360.977 8
361.813 9
362.035 10
362.693 11
364.06 10
364.771 11
365.398 12
365.452 11
366.745 10
367.251 11
367.797 12
368.538 11
369.906 10
370.194 9
370.325 8
371.01 7
371.772 8
372.326 9
374.17 8
374.58 9
375.891 10
378.048 9
378.835 8
379.041 7
380.269 8
380.384 7
381.019 8
381.365 7
382.126 6
382.326 7
383.349 6
383.366 7
384.366 8
385.536 9
386.313 10
388.84 11
389.328 10
389.481 9
390.171 10
391.816 11
393.026 10
394.077 9
398.349 8
399.537 7
399.647 6
400.127 7
400.279 6
400.74 7
403.581 6
403.851 7
403.87 6
404.634 5
405.375 4
409.313 3
411.567 2
411.577 1
414.624 0
415.474 1
415.535 2
415.98 3
416.583 2
416.876 3
420.684 2
421.248 3
422.23 2
422.38 1
423.123 0
424.207 1
425.096 0
425.951 1
426.984 0
427.032 1
427.282 0
429.581 0
430.388 0
431.172 1
431.178 2
431.523 3
431.64 4
431.766 3
433.953 2
435.051 1
436.345 2
436.457 1
436.458 2
437.395 3
438.243 4
439.213 5
440.974 4
441.978 5
443.616 4
443.845 5
445.896 4
446.88 5
447.077 6
447.853 5
449.798 6
450.547 7
450.833 6
451.11 5
451.434 4
451.493 3
451.498 4
451.732 5
452.142 4
452.587 3
452.861 2
453.476 3
453.923 2
454.172 3
454.33 4
455.748 3
456.23 2
456.368 1
457.713 2
457.843 3
458.466 4
461.269 3
461.826 2
464.846 3
465.243 4
465.98 3
467.633 4
472.264 5
473.215 4
474.278 5
474.499 4
475.773 5
475.994 4
476.318 3
476.323 4
476.538 3
476.667 2
477.428 1
478.165 0
478.951 1
479.349 0
483.151 0
